3,2
3,1
3,3
10,266
10,146
10,312
10,198
10,96
10,150
10,154
10,188
11,6
11,4
8,4
12,2
12,1
12,3
11,29
11,28
11,27
11,26
11,25
11,24
11,23
11,22
11,21
11,20
11,19
11,18
11,17
11,16
11,15
11,14
11,13
11,12
11,11
11,10
11,9
11,8
11,7
11,3
11,2
11,1
11,0
10,95
10,94
10,93
10,92
10,91
20,2
10,90
20,1
10,89
20,3
10,88
10,87
10,86
10,85
10,84
10,83
10,82
10,81
10,80
10,1
10,79
10,3
19,2
10,2
19,1
10,0
19,3
9,7
9,6
9,5
9,4
9,3
9,2
9,1
9,0
8,18
8,17
8,16
8,15
8,14
8,13
8,12
8,11
8,10
8,9
8,8
8,7
8,6
8,5
